           1           2   1.42752261256680     
           2           3   1.46023875583342     
           3           4   1.36313984574627     
           2           5  0.106146633850440     
           4           5   1.37771504142307     
           1           6   1.44132951070286     
           3           6  0.110053998490611     
           5           6   1.44306492842886     
           1           7  0.971492504393589     
           2           8  0.970901815589804     
           3           9  0.968281884486365     
           5          10  0.966745554267878     
           6          11  0.971356896242938     
           4          12   1.07076067067015     
          12          13  0.890865520498849     
          14          15   1.42752260503441     
          15          16   1.46023876276446     
          16          17   1.36313984464145     
          15          18  0.106146628021374     
          17          18   1.37771505187759     
          14          19   1.44132952703221     
          16          19  0.110054003667142     
          18          19   1.44306490935568     
          14          20  0.971492491423684     
          15          21  0.970901817011812     
          16          22  0.968281889323450     
          18          23  0.966745553725532     
          19          24  0.971356892976016     
          17          25   1.07076064781154     
          25          26  0.890865528641576     
